distance=1.
rinit=0.5
rmin=1.12
rcut=2.5
nstep=10000000
print=5000
timestep=1E5
nsphere=500
temp=2.57
init=initial_chain.xyz
spring_k=514.
epsilon=1.
gamma=1E12
k_on=9E-6
k_off=1E-18
n_max_extr=2
rate_fwl=0.0005E-7
rate_fwr=0.0005E-7
rate_bwl=0.00001E-7
rate_bwr=0.00001E-7
permeability_ctcf=0.9E-4
