nstep=100000
print=100
timestep=0.0001
temp=1.
box=200.
init=initial_chain.xyz
pmass=1.
psphere=5000
pdist=5.
bond=10.
hradius=2.
epsilon=1.
sigma=5.
rcut=25.
gamma=0.5
k_on=0.3
k_off=0.9993
n_max_extr=10
rate_fwl=0.001
rate_fwr=0.001
rate_bwl=0.00001
rate_bwr=0.00001
